1011
1328
1382
1425
1214
1339
1127
1104
1435
1028
1399
1359
1030
1092
998
1460
1254
1198
1116
1038
1264
1146
1376
1121
1143
1162
1283
1003
1066
1398
1437
1405
1230
1033
1193
1343
1408
1078
1329
1179
1414
1427
1360
1247
1426
1052
1141
1025
1087
1080
1234
1424
1098
1036
1184
1362
1153
1131
1236
1253
1109
1323
1308
1391
1265
1281
1139
1430
1300
1285
1173
1068
1419
1202
1267
1094
1389
1377
1049
1274
1059
1172
1387
1451
1277
1074
1050
1402
1441
1220
1058
1201
1209
1099
1432
1286
1363
1155
1248
1105
1189
1341
1431
979
1072
1250
1115
1296
1252
1410
1204
1263
984
1268
1015
1210
1369
1411
1005
1133
1182
1335
1181
1002
1219
1114
972
1355
1422
1142
1026
1240
1164
1307
1304
1245
1446
1061
1120
1177
1418
1260
1393
1111
1396
1367
1269
1205
1117
1031
1140
1465
1436
1301
1397
1151
1413
1211
1290
1200
1137
1170
1292
1463
1246
1315
1135
1008
988
1340
1016
1326
1407
1279
1406
1374
1239
1284
1309
1403
987
978
1174
1454
1383
1333
1312
1013
1138
995
1157
1070
1452
1060
992
1161
1381
1073
1053
1101
1320
1208
1390
1458
1317
1156
1338
1232
1217
1456
1457
516
1440
1291
1077
1051
1222
1324
1270
1167
1330
1471
1388
1447
1262
989
1129
1035
1032
1271
1342
1023
1380
1001
1010
1455
1375
1228
1470
1196
1216
1152
1229
1118
1295
1423
1344
1075
1347
1293
1249
1102
1352
1318
1040
1334
1071
1365
1160
1194
1085
1395
1171
1322
1004
999
1472
1000
1434
1337
1356
1257
1261
1088
1445
1014
1449
973
969
1029
1048
982
1316
996
1096
1404
1462
1107
993
1417
1453
1255
1371
1443
1149
976
1034
1354
1213
1206
1242
1314
1195
1321
1093
1190
1076
970
1062
1353
1047
1379
1203
1097
1468
1221
1416
1119
1113
1063
1128
1027
1166
1415
1439
1224
1089
1199
1123
1039
1108
1361
1086
1136
1241
1019
1294
1012
1357
1273
1272
985
1238
1178
1159
1081
1345
1132
1428
1045
1168
1150
990
1134
1384
1319
1112
1313
1444
1366
1187
1110
1006
1346
991
1124
1082
1464
1332
1042
1148
997
1227
1091
1043
1007
1067
1130
1215
1231
1065
1297
994
1448
1100
1394
1467
1275
1207
1288
1212
1459
1438
1095
1450
1401
1442
1018
1469
1287
1009
1266
986
1258
1188
1185
1183
1336
974
1079
1125
975
1331
1433
1024
1282
1084
1163
1064
1103
1351
1373
1083
1046
1303
1041
1145
1350
977
1298
1069
1225
1244
1175
1223
1147
1305
1057
1420
1186
1385
1400
1327
1237
1158
1289
1349
1090
1021
1461
1429
1106
1144
1276
1306
980
1348
1169
1126
1192
1364
983
1191
1122
1372
1243
1022
1054
1358
1378
1259
1278
1056
1180
1421
1302
1017
1055
1037
1310
1218
1251
1044
1226
1409
1466
1256
1412
971
1197
1165
1368
1280
1235
1233
1370
1154
1392
1176
1299
981
1325
798
1020
