1240
1026
1142
1422
1355
972
1219
1114
1111
1396
1460
998
1092
1030
1399
1359
1028
1435
1104
1127
1339
1214
1425
1382
979
1072
1296
1252
1410
1204
1263
984
1268
1015
1210
1369
1411
1005
1133
1182
1335
1181
1002
1270
1324
1167
1222
1051
1205
1269
1031
1117
1140
1465
1436
1301
1397
1151
1413
1211
1137
1170
1292
1463
1246
1315
1135
1008
988
1340
1016
1326
1407
1279
1406
1374
1239
1284
1309
1403
987
978
1174
1454
1383
1333
1312
1013
1138
995
1157
1070
1452
1060
992
1161
1381
1073
1053
1101
1320
1208
1390
1458
1317
1156
1338
1232
1217
1456
1457
516
1386
963
597
581
822
1185
1188
1258
986
1447
1262
989
1129
1035
1032
1271
1342
1120
1061
1177
1418
1143
1162
1283
1003
1066
1398
1437
1405
1230
1033
1193
1343
1408
1078
1329
1179
1414
1427
1360
1160
1365
1040
1334
1071
1375
1228
1470
1196
1216
1152
1229
1118
1295
1423
1344
1075
1347
1293
1249
1102
1352
1318
1194
1085
1395
1171
1322
1004
999
1020
1095
1450
1401
1442
1018
1469
1287
1009
1266
1388
1471
1330
1304
1307
1446
1245
1164
1121
1376
1264
1038
1146
1116
1254
1198
1260
1451
1277
1274
1059
1172
1387
1049
1377
1389
1094
1267
1202
1074
1050
1393
1367
1079
974
1125
975
1243
1336
1183
1077
1291
1440
1023
1380
1001
1010
1455
1438
1459
1000
1311
