1319
1112
1313
1444
1366
1187
1110
1006
1346
991
1124
1082
1089
1199
1123
1415
1166
1027
1128
1063
1113
1119
1416
1221
1468
1097
1203
1379
1047
1353
970
1062
1180
1149
1443
976
1034
1354
1213
1206
1242
1314
1195
1321
1093
1190
1076
1007
1227
997
1091
1362
1153
1131
1236
1253
1109
1323
1308
1391
1265
1281
1139
1430
1300
1285
1173
1068
1419
1402
1441
1220
1058
1087
1025
1080
1141
1052
1426
1247
1288
1394
1467
1275
1207
1212
1014
1449
1445
1088
973
969
1029
1048
982
1316
996
1096
1404
1462
1107
993
1417
1453
1255
1371
1067
1130
1215
1231
1065
1297
994
1448
1100
1234
1424
1098
1036
1184
1043
1134
990
1384
1148
1332
1042
1464
1224
1439
1039
1108
1361
1086
1136
1241
1019
1294
1012
1357
1273
1272
985
1238
1178
1159
1081
1345
1132
1428
1045
1168
1363
1155
1248
1105
1189
1286
1432
1099
1209
1201
1341
1431
1011
1328
1378
1358
1115
1250
1191
983
1364
1192
1054
1022
1122
1372
1331
1433
1024
1282
1084
1163
1064
1103
1351
1373
1290
1200
1090
1349
1289
1158
1237
1327
1400
1021
1350
1145
1461
977
1298
1069
1225
1244
1175
1223
1147
1305
1057
1420
1186
1385
1041
1303
1046
1083
1429
1106
1144
1276
1306
980
1348
1169
1126
1150
1259
1278
1056
1037
1310
1218
1251
1044
1226
1409
1466
1055
1017
1302
1421
1154
1412
971
1197
1165
1368
1280
1235
1233
1356
1337
1434
1261
1257
1472
1370
1256
1392
1176
1299
981
1325
