617
667
742
531
817
529
853
540
594
696
605
677
513
556
859
676
727
659
716
649
918
756
662
913
902
806
650
488
896
854
857
829
532
702
618
526
499
473
711
952
866
889
632
655
782
527
713
754
781
740
964
856
966
784
730
491
779
906
505
512
809
703
608
723
722
804
476
760
508
500
719
759
805
544
636
925
919
785
911
912
858
739
657
588
873
791
607
819
905
487
578
568
816
936
940
961
619
483
801
828
762
832
851
624
950
878
572
682
843
855
914
751
480
530
509
502
609
745
549
673
825
704
603
492
768
904
627
845
495
968
685
953
848
892
496
620
864
951
748
824
787
635
743
548
614
930
533
598
507
774
744
517
777
935
838
643
661
770
732
786
944
623
728
567
571
639
795
890
773
537
750
514
479
893
672
626
688
625
927
945
484
833
886
792
875
882
920
821
634
520
574
538
563
834
947
818
764
846
811
700
690
641
813
800
847
564
789
883
780
783
481
928
525
523
684
551
842
844
580
640
570
604
708
615
901
586
802
869
720
621
612
910
765
876
584
775
948
870
524
683
823
807
954
888
692
671
939
803
497
575
699
877
797
486
485
956
747
933
729
769
622
860
670
849
557
695
489
863
710
478
874
921
504
736
937
