608
703
809
512
906
505
689
681
493
522
960
867
628
656
528
550
915
646
547
660
868
790
932
717
839
510
652
862
558
638
693
653
726
616
511
810
861
694
624
851
832
762
828
801
483
751
480
530
961
940
619
568
816
936
476
760
508
500
702
532
829
618
526
499
473
711
952
866
889
632
655
782
527
713
754
781
740
964
856
966
784
730
491
779
514
643
661
770
732
786
944
623
728
567
620
864
951
748
824
787
635
743
548
614
930
533
598
507
774
758
959
714
755
583
895
587
579
582
648
757
735
477
852
820
715
733
746
734
589
909
772
903
778
916
929
967
836
885
917
799
647
898
691
949
644
941
599
850
553
559
788
958
566
535
887
591
541
664
900
738
472
767
830
718
554
613
725
771
637
737
965
592
678
601
542
562
560
595
837
957
565
884
546
490
709
962
749
753
955
631
794
665
835
518
763
658
697
881
761
585
698
938
663
815
922
796
545
840
602
494
793
931
934
534
576
596
552
827
707
642
593
924
498
600
536
741
926
942
629
645
831
679
943
721
561
891
610
503
879
633
724
814
674
475
894
668
871
501
654
872
474
515
669
680
543
573
569
712
701
899
606
776
897
923
880
611
577
752
865
675
731
907
826
590
630
666
687
651
539
838
935
777
517
744
773
639
795
890
571
875
792
886
833
484
945
927
882
920
821
634
520
574
538
563
834
947
818
764
846
811
700
696
594
540
853
529
817
531
742
667
617
556
513
859
676
727
659
716
649
918
756
662
913
902
806
650
488
896
854
857
719
759
805
544
636
925
919
785
911
912
858
739
657
588
873
791
607
819
905
487
578
855
878
572
682
843
950
914
705
609
502
908
706
506
521
509
766
808
946
722
723
804
745
549
673
825
704
603
492
768
904
627
845
495
968
685
953
848
892
496
479
893
672
626
688
625
641
690
605
677
482
937
800
847
564
789
883
780
783
481
928
525
523
684
551
842
844
580
640
570
604
708
615
901
586
802
869
720
621
612
910
765
876
584
775
948
870
524
683
823
807
954
888
692
671
939
803
497
575
699
877
797
486
485
956
747
813
504
736
670
860
622
769
729
933
863
489
557
849
695
710
478
874
921
519
812
841
555
750
