416
26
0
330
286
255
268
165
190
301
264
119
18
85
409
295
11
120
161
60
249
132
323
451
220
422
102
36
94
146
160
222
202
329
334
375
44
288
15
226
1
454
362
46
136
163
105
403
464
240
310
212
75
277
104
336
68
352
72
306
179
155
291
185
380
33
331
28
337
34
338
305
340
198
382
468
469
231
411
459
83
471
424
167
25
51
410
440
319
233
283
308
284
41
5
356
383
435
332
176
368
164
57
40
365
158
111
42
361
243
244
390
287
436
398
216
186
408
98
194
131
467
103
124
465
429
289
227
238
101
129
223
346
31
67
117
110
245
350
302
149
108
237
45
259
148
137
449
20
236
100
290
189
170
248
29
317
262
99
191
37
246
210
265
91
343
93
369
140
180
39
59
414
275
372
374
239
122
142
134
154
294
126
178
266
135
377
394
344
79
427
147
86
168
453
90
173
7
38
247
438
27
371
273
446
461
442
113
463
318
64
412
257
444
311
328
384
73
431
143
393
225
74
174
214
55
208
395
342
52
88
452
307
418
376
433
385
251
201
281
211
388
293
261
466
50
401
445
270
19
35
30
341
153
89
219
312
423
387
96
183
14
109
62
17
4
6
316
348
87
320
407
359
128
278
267
386
434
181
144
324
172
345
430
256
351
49
107
206
355
458
123
177
269
347
215
285
80
141
139
205
151
92
300
10
304
229
61
354
272
199
413
419
13
241
421
156
404
228
367
230
326
297
21
314
200
274
48
192
157
116
58
213
193
447
432
381
271
81
84
333
182
9
358
114
417
121
353
171
250
391
441
462
152
296
224
218
32
188
78
366
428
127
63
364
175
309
450
400
47
133
389
437
125
145
254
373
420
460
95
260
130
406
321
299
159
402
22
280
204
457
56
325
197
12
425
187
426
184
396
234
397
357
405
71
8
23
53
339
82
54
70
370
77
209
363
16
203
253
252
195
349
327
399
470
2
258
65
112
298
166
276
392
439
115
279
443
169
379
303
263
24
456
43
162
378
292
138
235
196
322
97
150
118
221
217
313
282
3
315
448
69
76
242
335
66
106
232
415
360
455
