518
763
658
697
881
761
585
698
938
663
815
922
796
545
840
602
494
793
958
566
535
887
591
541
664
900
738
472
767
830
718
554
613
725
771
637
737
965
592
678
601
542
562
560
595
837
957
565
884
616
511
726
653
693
638
652
862
558
510
839
717
932
790
868
547
646
915
550
528
656
628
867
960
522
493
681
689
539
651
687
611
880
577
752
865
675
731
907
826
590
630
666
923
899
606
776
897
515
474
872
654
573
669
680
543
569
712
701
841
808
946
766
812
519
521
506
908
705
706
810
861
694
546
490
709
962
749
660
555
794
665
835
955
631
707
642
593
924
498
552
534
576
596
931
934
827
753
600
536
741
926
942
629
645
831
679
943
721
561
891
610
686
879
503
633
724
814
674
475
894
668
871
788
559
553
850
599
941
644
949
691
898
647
799
917
967
778
903
772
909
589
734
501
733
746
715
820
852
916
929
836
885
477
735
757
648
582
579
959
714
755
583
895
587
758
822
597
963
581
